         4       8.5        12
        70       140        20
     0.947       0.7         0
   1.8e-17  7.97e-18  3.43e-18  1.43e-18  5.79e-19  2.27e-19  8.63e-20  3.17e-20  1.12e-20  3.83e-21  1.26e-21  3.98e-22  1.21e-22  3.52e-23  9.79e-24   2.6e-24   6.6e-25   1.6e-25  3.66e-26  1.35e-05
  1.04e-16   4.6e-17  1.98e-17  8.29e-18  3.36e-18  1.32e-18  5.02e-19  1.85e-19  6.55e-20  2.24e-20  7.38e-21  2.34e-21   7.1e-22  2.07e-22  5.77e-23  1.54e-23  3.91e-24  9.45e-25  2.17e-25  6.33e-05
  5.35e-16  2.37e-16  1.02e-16  4.29e-17  1.74e-17  6.86e-18  2.61e-18  9.62e-19  3.42e-19  1.17e-19  3.86e-20  1.23e-20  3.73e-21  1.09e-21  3.04e-22  8.11e-23  2.06e-23     5e-24  1.15e-24  0.000265
  2.46e-15  1.09e-15  4.73e-16  1.98e-16  8.07e-17  3.18e-17  1.21e-17  4.47e-18  1.59e-18  5.47e-19  1.81e-19  5.74e-20  1.75e-20  5.11e-21  1.43e-21  3.82e-22  9.74e-23  2.36e-23  5.45e-24  0.000987
  1.01e-14   4.5e-15  1.95e-15  8.19e-16  3.34e-16  1.32e-16  5.03e-17  1.86e-17  6.63e-18  2.28e-18  7.54e-19   2.4e-19  7.32e-20  2.14e-20  6.01e-21  1.61e-21   4.1e-22  9.98e-23  2.31e-23   0.00329
  3.71e-14  1.66e-14  7.17e-15  3.02e-15  1.23e-15  4.87e-16  1.86e-16   6.9e-17  2.46e-17  8.48e-18  2.81e-18  8.96e-19  2.74e-19  8.03e-20  2.25e-20  6.04e-21  1.54e-21  3.76e-22  8.71e-23   0.00979
  1.22e-13  5.43e-14  2.36e-14  9.94e-15  4.06e-15  1.61e-15  6.17e-16  2.29e-16  8.18e-17  2.82e-17  9.36e-18  2.99e-18  9.15e-19  2.69e-19  7.55e-20  2.03e-20  5.19e-21  1.27e-21  2.94e-22     0.026
  3.56e-13  1.59e-13  6.92e-14  2.92e-14   1.2e-14  4.75e-15  1.82e-15  6.77e-16  2.42e-16  8.37e-17  2.78e-17  8.89e-18  2.73e-18  8.03e-19  2.26e-19  6.08e-20  1.56e-20  3.81e-21  8.84e-22    0.0617
  9.31e-13  4.17e-13  1.82e-13  7.68e-14  3.15e-14  1.25e-14  4.81e-15  1.79e-15  6.42e-16  2.22e-16  7.39e-17  2.37e-17  7.27e-18  2.14e-18  6.04e-19  1.63e-19  4.18e-20  1.02e-20  2.38e-21     0.131
  2.17e-12  9.75e-13  4.25e-13   1.8e-13   7.4e-14  2.94e-14  1.13e-14  4.22e-15  1.52e-15  5.26e-16  1.75e-16  5.62e-17  1.73e-17  5.11e-18  1.44e-18  3.89e-19     1e-19  2.45e-20  5.71e-21     0.247
  4.53e-12  2.04e-12  8.89e-13  3.77e-13  1.55e-13  6.19e-14  2.39e-14   8.9e-15   3.2e-15  1.11e-15  3.71e-16  1.19e-16  3.68e-17  1.09e-17  3.07e-18   8.3e-19  2.14e-19  5.25e-20  1.23e-20     0.418
  8.44e-12   3.8e-12  1.66e-12  7.06e-13  2.91e-13  1.16e-13  4.49e-14  1.68e-14  6.04e-15   2.1e-15  7.03e-16  2.26e-16  6.98e-17  2.07e-17  5.85e-18  1.58e-18  4.09e-19  1.01e-19  2.35e-20     0.631
     0.772       0.7         0
  1.43e-18  5.65e-19  2.16e-19     8e-20  2.86e-20  9.85e-21  3.27e-21  1.04e-21   3.2e-22  9.39e-23  2.64e-23   7.1e-24  1.82e-24  4.45e-25  1.04e-25  2.28e-26  4.77e-27  9.42e-28  1.76e-28   2.1e-05
  7.65e-18  3.03e-18  1.16e-18   4.3e-19  1.54e-19  5.31e-20  1.77e-20  5.64e-21  1.73e-21   5.1e-22  1.44e-22  3.87e-23  9.93e-24  2.43e-24  5.66e-25  1.25e-25  2.62e-26  5.17e-27  9.65e-28  9.25e-05
  3.67e-17  1.46e-17  5.59e-18  2.08e-18  7.44e-19  2.57e-19  8.55e-20  2.74e-20  8.41e-21  2.48e-21     7e-22  1.89e-22  4.86e-23  1.19e-23  2.77e-24  6.14e-25  1.29e-25  2.55e-26  4.76e-27  0.000364
  1.58e-16  6.28e-17  2.42e-17  8.98e-18  3.22e-18  1.11e-18  3.72e-19  1.19e-19  3.67e-20  1.08e-20  3.06e-21  8.26e-22  2.13e-22  5.23e-23  1.22e-23   2.7e-24  5.67e-25  1.13e-25  2.11e-26   0.00129
  6.11e-16  2.43e-16  9.36e-17  3.48e-17  1.25e-17  4.34e-18  1.45e-18  4.65e-19  1.43e-19  4.24e-20   1.2e-20  3.24e-21  8.37e-22  2.06e-22  4.81e-23  1.07e-23  2.24e-24  4.46e-25  8.36e-26   0.00408
  2.12e-15  8.43e-16  3.25e-16  1.21e-16  4.36e-17  1.51e-17  5.06e-18  1.63e-18  5.03e-19  1.49e-19  4.22e-20  1.14e-20  2.95e-21  7.27e-22   1.7e-22  3.78e-23  7.96e-24  1.58e-24  2.97e-25    0.0116
  6.58e-15  2.62e-15  1.01e-15  3.78e-16  1.36e-16  4.74e-17  1.59e-17  5.11e-18  1.58e-18  4.69e-19  1.33e-19  3.61e-20  9.34e-21   2.3e-21   5.4e-22   1.2e-22  2.53e-23  5.05e-24   9.5e-25    0.0296
  1.83e-14  7.33e-15  2.83e-15  1.06e-15  3.82e-16  1.33e-16  4.47e-17  1.44e-17  4.46e-18  1.32e-18  3.76e-19  1.02e-19  2.65e-20  6.55e-21  1.54e-21  3.43e-22  7.24e-23  1.44e-23  2.72e-24    0.0676
  4.58e-14  1.83e-14  7.11e-15  2.66e-15  9.62e-16  3.35e-16  1.13e-16  3.64e-17  1.13e-17  3.36e-18  9.55e-19   2.6e-19  6.75e-20  1.67e-20  3.93e-21  8.76e-22  1.85e-22   3.7e-23  6.98e-24     0.139
  1.03e-13  4.12e-14   1.6e-14  5.99e-15  2.17e-15  7.58e-16  2.55e-16  8.24e-17  2.56e-17  7.63e-18  2.17e-18  5.93e-19  1.54e-19  3.82e-20  8.99e-21  2.01e-21  4.26e-22  8.52e-23  1.61e-23     0.255
  2.07e-13   8.3e-14  3.22e-14  1.21e-14  4.39e-15  1.54e-15  5.17e-16  1.68e-16  5.21e-17  1.55e-17  4.44e-18  1.21e-18  3.16e-19  7.83e-20  1.85e-20  4.14e-21  8.77e-22  1.76e-22  3.32e-23      0.42
  3.73e-13   1.5e-13  5.83e-14  2.19e-14  7.97e-15  2.79e-15  9.42e-16  3.06e-16  9.52e-17  2.84e-17  8.13e-18  2.22e-18   5.8e-19  1.44e-19   3.4e-20  7.63e-21  1.62e-21  3.25e-22  6.16e-23     0.621
     0.191       0.7         0
  9.84e-29  1.63e-29  2.52e-30  3.66e-31  4.95e-32  6.24e-33   7.3e-34  7.91e-35  7.91e-36  7.28e-37  6.15e-38  4.75e-39  3.35e-40  2.14e-41  1.24e-42   6.5e-44  3.05e-45  1.28e-46  4.81e-48  0.000169
  3.88e-28  6.43e-29  9.99e-30  1.45e-30  1.97e-31  2.49e-32  2.92e-33  3.17e-34  3.18e-35  2.93e-36  2.48e-37  1.92e-38  1.36e-39  8.72e-41  5.07e-42  2.66e-43  1.25e-44  5.27e-46  1.98e-47  0.000483
  1.44e-27  2.39e-28  3.72e-29  5.43e-30  7.39e-31  9.35e-32   1.1e-32   1.2e-33   1.2e-34  1.11e-35  9.45e-37  7.34e-38  5.19e-39  3.34e-40  1.95e-41  1.02e-42  4.83e-44  2.04e-45  7.68e-47    0.0013
  5.03e-27  8.38e-28  1.31e-28  1.91e-29  2.61e-30  3.31e-31   3.9e-32  4.26e-33  4.29e-34  3.98e-35  3.38e-36  2.63e-37  1.87e-38  1.21e-39  7.04e-41  3.71e-42  1.75e-43  7.43e-45  2.81e-46    0.0033
  1.66e-26  2.77e-27  4.33e-28  6.34e-29  8.67e-30   1.1e-30   1.3e-31  1.43e-32  1.44e-33  1.34e-34  1.14e-35  8.91e-37  6.34e-38   4.1e-39   2.4e-40  1.27e-41  6.01e-43  2.55e-44  9.66e-46   0.00788
  5.14e-26  8.61e-27  1.35e-27  1.98e-28  2.72e-29  3.47e-30   4.1e-31   4.5e-32  4.56e-33  4.25e-34  3.63e-35  2.84e-36  2.03e-37  1.31e-38   7.7e-40  4.08e-41  1.94e-42  8.25e-44  3.13e-45    0.0177
   1.5e-25  2.52e-26  3.97e-27  5.84e-28  8.02e-29  1.03e-29  1.22e-30  1.34e-31  1.36e-32  1.27e-33  1.09e-34  8.53e-36   6.1e-37  3.96e-38  2.33e-39  1.24e-40  5.89e-42  2.51e-43  9.56e-45    0.0376
  4.14e-25  6.96e-26   1.1e-26  1.62e-27  2.23e-28  2.86e-29   3.4e-30  3.75e-31  3.81e-32  3.57e-33  3.07e-34  2.41e-35  1.73e-36  1.13e-37  6.63e-39  3.53e-40  1.69e-41  7.21e-43  2.75e-44     0.075
  1.07e-24  1.81e-25  2.86e-26  4.23e-27  5.84e-28   7.5e-29  8.95e-30  9.89e-31  1.01e-31  9.46e-33  8.15e-34  6.42e-35  4.61e-36  3.01e-37  1.78e-38  9.49e-40  4.55e-41  1.95e-42  7.45e-44     0.141
  2.62e-24  4.43e-25  7.02e-26  1.04e-26  1.44e-27  1.86e-28  2.22e-29  2.46e-30  2.51e-31  2.36e-32  2.04e-33  1.61e-34  1.16e-35  7.59e-37   4.5e-38   2.4e-39  1.15e-40  4.96e-42   1.9e-43      0.25
  6.04e-24  1.02e-24  1.62e-25  2.41e-26  3.35e-27  4.32e-28  5.18e-29  5.75e-30  5.89e-31  5.56e-32  4.81e-33  3.81e-34  2.75e-35   1.8e-36  1.07e-37  5.74e-39  2.76e-40  1.19e-41  4.57e-43     0.416
  1.31e-23  2.22e-24  3.54e-25  5.27e-26  7.33e-27  9.48e-28  1.14e-28  1.27e-29   1.3e-30  1.23e-31  1.07e-32  8.48e-34  6.14e-35  4.04e-36   2.4e-37  1.29e-38  6.23e-40  2.69e-41  1.04e-42     0.654
     0.884       0.7         0
  8.12e-18  3.47e-18  1.44e-18  5.78e-19  2.25e-19  8.47e-20  3.08e-20  1.08e-20  3.67e-21  1.19e-21  3.74e-22  1.12e-22  3.23e-23   8.9e-24  2.34e-24  5.87e-25   1.4e-25  3.18e-26  6.83e-27  1.55e-05
  4.58e-17  1.96e-17  8.12e-18  3.27e-18  1.28e-18  4.81e-19  1.75e-19  6.17e-20  2.09e-20  6.82e-21  2.14e-21  6.44e-22  1.86e-22  5.12e-23  1.35e-23  3.39e-24   8.1e-25  1.84e-25  3.96e-26  7.13e-05
  2.31e-16  9.87e-17  4.11e-17  1.66e-17  6.46e-18  2.44e-18  8.92e-19  3.14e-19  1.07e-19  3.49e-20  1.09e-20   3.3e-21  9.53e-22  2.63e-22  6.94e-23  1.75e-23  4.18e-24  9.51e-25  2.05e-25  0.000293
  1.04e-15  4.46e-16  1.86e-16  7.49e-17  2.93e-17  1.11e-17  4.06e-18  1.43e-18  4.87e-19  1.59e-19  5.01e-20  1.51e-20  4.37e-21  1.21e-21   3.2e-22  8.06e-23  1.93e-23   4.4e-24  9.51e-25   0.00107
  4.19e-15   1.8e-15   7.5e-16  3.03e-16  1.19e-16   4.5e-17  1.65e-17  5.83e-18  1.99e-18  6.51e-19  2.05e-19   6.2e-20   1.8e-20  4.98e-21  1.32e-21  3.32e-22  7.98e-23  1.82e-23  3.94e-24   0.00352
  1.51e-14  6.49e-15  2.71e-15   1.1e-15  4.31e-16  1.64e-16     6e-17  2.12e-17  7.25e-18  2.38e-18  7.51e-19  2.27e-19  6.59e-20  1.83e-20  4.85e-21  1.23e-21  2.95e-22  6.74e-23  1.46e-23    0.0103
  4.86e-14   2.1e-14  8.77e-15  3.56e-15   1.4e-15  5.31e-16  1.95e-16  6.92e-17  2.36e-17  7.78e-18  2.46e-18  7.45e-19  2.17e-19  6.02e-20   1.6e-20  4.04e-21  9.74e-22  2.23e-22  4.84e-23    0.0271
   1.4e-13  6.05e-14  2.53e-14  1.03e-14  4.05e-15  1.54e-15  5.68e-16  2.02e-16   6.9e-17  2.27e-17  7.19e-18  2.18e-18  6.36e-19  1.77e-19  4.71e-20  1.19e-20  2.88e-21   6.6e-22  1.43e-22    0.0635
  3.61e-13  1.56e-13  6.55e-14  2.67e-14  1.05e-14  4.01e-15  1.48e-15  5.26e-16   1.8e-16  5.94e-17  1.88e-17  5.73e-18  1.67e-18  4.66e-19  1.24e-19  3.15e-20  7.61e-21  1.75e-21   3.8e-22     0.133
  8.33e-13  3.61e-13  1.52e-13  6.18e-14  2.44e-14  9.32e-15  3.44e-15  1.22e-15   4.2e-16  1.39e-16  4.41e-17  1.34e-17  3.92e-18   1.1e-18  2.92e-19  7.43e-20   1.8e-20  4.14e-21  9.02e-22      0.25
  1.72e-12  7.45e-13  3.13e-13  1.28e-13  5.06e-14  1.94e-14  7.16e-15  2.55e-15  8.78e-16   2.9e-16  9.23e-17  2.82e-17  8.24e-18   2.3e-18  6.16e-19  1.57e-19   3.8e-20  8.75e-21  1.91e-21     0.419
  3.17e-12  1.37e-12   5.8e-13  2.37e-13  9.39e-14   3.6e-14  1.33e-14  4.76e-15  1.64e-15  5.43e-16  1.73e-16  5.28e-17  1.55e-17  4.34e-18  1.16e-18  2.96e-19  7.18e-20  1.66e-20  3.62e-21     0.628
     0.172       0.7         0
  2.21e-29  3.51e-30  5.24e-31  7.29e-32  9.47e-33  1.14e-33  1.28e-34  1.32e-35  1.26e-36   1.1e-37  8.86e-39  6.49e-40  4.33e-41  2.62e-42  1.43e-43  7.04e-45  3.11e-46  1.22e-47  4.29e-49  0.000168
  8.79e-29   1.4e-29  2.09e-30  2.92e-31  3.81e-32   4.6e-33  5.16e-34  5.35e-35  5.12e-36   4.5e-37  3.62e-38  2.66e-39  1.78e-40  1.08e-41  5.91e-43  2.92e-44  1.29e-45   5.1e-47  1.79e-48  0.000471
   3.3e-28  5.28e-29  7.91e-30  1.11e-30  1.45e-31  1.75e-32  1.97e-33  2.05e-34  1.96e-35  1.73e-36   1.4e-37  1.03e-38   6.9e-40  4.19e-41   2.3e-42  1.14e-43  5.06e-45     2e-46  7.06e-48   0.00125
  1.17e-27  1.88e-28  2.82e-29  3.96e-30  5.18e-31   6.3e-32  7.11e-33  7.41e-34  7.12e-35  6.29e-36  5.09e-37  3.76e-38  2.53e-39  1.54e-40  8.49e-42  4.21e-43  1.87e-44  7.44e-46  2.63e-47   0.00311
  3.92e-27  6.31e-28   9.5e-29  1.34e-29  1.75e-30  2.14e-31  2.42e-32  2.53e-33  2.44e-34  2.16e-35  1.75e-36   1.3e-37  8.74e-39  5.34e-40  2.95e-41  1.47e-42  6.55e-44  2.61e-45  9.24e-47   0.00733
  1.24e-26     2e-27  3.02e-28  4.27e-29  5.61e-30  6.86e-31  7.78e-32  8.15e-33  7.88e-34  6.99e-35  5.69e-36  4.22e-37  2.85e-38  1.75e-39  9.69e-41  4.83e-42  2.16e-43  8.63e-45  3.07e-46    0.0163
  3.71e-26     6e-27  9.08e-28  1.29e-28   1.7e-29  2.08e-30  2.36e-31  2.48e-32   2.4e-33  2.14e-34  1.75e-35   1.3e-36  8.81e-38  5.41e-39  3.01e-40   1.5e-41  6.74e-43   2.7e-44  9.61e-46    0.0342
  1.05e-25   1.7e-26  2.58e-27  3.66e-28  4.84e-29  5.94e-30  6.77e-31  7.14e-32  6.93e-33  6.19e-34  5.06e-35  3.78e-36  2.57e-37  1.58e-38  8.81e-40  4.42e-41  1.99e-42  7.97e-44  2.85e-45    0.0679
  2.79e-25  4.54e-26  6.91e-27  9.83e-28   1.3e-28  1.61e-29  1.83e-30  1.94e-31  1.89e-32  1.69e-33  1.38e-34  1.04e-35  7.06e-37  4.37e-38  2.44e-39  1.23e-40  5.52e-42  2.22e-43  7.96e-45     0.127
  7.03e-25  1.15e-25  1.75e-26  2.49e-27  3.31e-28   4.1e-29  4.69e-30  4.97e-31  4.85e-32  4.36e-33  3.58e-34  2.69e-35  1.84e-36  1.14e-37  6.37e-39  3.21e-40  1.45e-41  5.85e-43   2.1e-44     0.225
  1.67e-24  2.73e-25  4.18e-26  5.98e-27  7.96e-28  9.87e-29  1.13e-29   1.2e-30  1.18e-31  1.06e-32  8.74e-34  6.58e-35  4.51e-36   2.8e-37  1.57e-38  7.94e-40   3.6e-41  1.46e-42  5.24e-44     0.376
  3.75e-24  6.15e-25  9.43e-26  1.35e-26  1.81e-27  2.25e-28  2.59e-29  2.75e-30   2.7e-31  2.44e-32  2.02e-33  1.52e-34  1.04e-35  6.51e-37  3.66e-38  1.86e-39  8.43e-41  3.42e-42  1.23e-43     0.593
     0.635       0.7         0
  3.36e-20  1.13e-20  3.65e-21  1.13e-21  3.38e-22  9.65e-23  2.63e-23  6.87e-24  1.71e-24  4.03e-25  9.05e-26  1.93e-26  3.88e-27  7.36e-28  1.32e-28  2.22e-29  3.49e-30  5.16e-31   7.1e-32  3.39e-05
  1.68e-19  5.64e-20  1.83e-20  5.68e-21   1.7e-21  4.85e-22  1.33e-22  3.46e-23  8.62e-24  2.04e-24  4.59e-25  9.77e-26  1.97e-26  3.75e-27  6.71e-28  1.13e-28  1.79e-29  2.64e-30  3.64e-31  0.000139
  7.55e-19  2.55e-19  8.26e-20  2.57e-20  7.69e-21   2.2e-21  6.03e-22  1.58e-22  3.93e-23  9.32e-24   2.1e-24  4.48e-25  9.04e-26  1.72e-26  3.09e-27  5.21e-28  8.24e-29  1.22e-29  1.68e-30  0.000515
  3.08e-18  1.04e-18  3.37e-19  1.05e-19  3.15e-20  9.04e-21  2.48e-21  6.49e-22  1.62e-22  3.85e-23  8.67e-24  1.85e-24  3.75e-25  7.15e-26  1.28e-26  2.17e-27  3.44e-28  5.09e-29  7.04e-30   0.00173
  1.13e-17  3.83e-18  1.24e-18  3.89e-19  1.17e-19  3.35e-20   9.2e-21  2.41e-21  6.03e-22  1.43e-22  3.24e-23  6.93e-24   1.4e-24  2.68e-25  4.83e-26  8.16e-27  1.29e-27  1.92e-28  2.66e-29   0.00522
  3.76e-17  1.27e-17  4.15e-18   1.3e-18   3.9e-19  1.12e-19  3.09e-20   8.1e-21  2.03e-21  4.83e-22  1.09e-22  2.34e-23  4.75e-24  9.08e-25  1.64e-25  2.77e-26  4.41e-27  6.55e-28  9.08e-29    0.0143
  1.13e-16  3.83e-17  1.25e-17  3.92e-18  1.18e-18  3.39e-19  9.35e-20  2.46e-20  6.16e-21  1.47e-21  3.33e-22  7.14e-23  1.45e-23  2.78e-24  5.02e-25  8.52e-26  1.35e-26  2.02e-27   2.8e-28    0.0352
  3.06e-16  1.04e-16   3.4e-17  1.07e-17  3.21e-18  9.27e-19  2.56e-19  6.74e-20  1.69e-20  4.04e-21  9.16e-22  1.97e-22     4e-23  7.69e-24  1.39e-24  2.36e-25  3.76e-26  5.61e-27   7.8e-28    0.0786
  7.51e-16  2.55e-16  8.35e-17  2.63e-17  7.92e-18  2.29e-18  6.32e-19  1.67e-19  4.19e-20     1e-20  2.28e-21   4.9e-22  9.99e-23  1.92e-23  3.48e-24  5.92e-25  9.44e-26  1.41e-26  1.96e-27     0.158
  1.66e-15  5.66e-16  1.85e-16  5.84e-17  1.76e-17   5.1e-18  1.41e-18  3.73e-19  9.39e-20  2.25e-20  5.12e-21   1.1e-21  2.25e-22  4.33e-23  7.86e-24  1.34e-24  2.14e-25   3.2e-26  4.46e-27     0.288
  3.32e-15  1.13e-15  3.72e-16  1.17e-16  3.55e-17  1.03e-17  2.85e-18  7.54e-19   1.9e-19  4.56e-20  1.04e-20  2.24e-21  4.58e-22  8.83e-23   1.6e-23  2.74e-24  4.38e-25  6.56e-26  9.17e-27     0.473
     6e-15  2.05e-15  6.74e-16  2.13e-16  6.45e-17  1.87e-17  5.19e-18  1.38e-18  3.47e-19  8.35e-20   1.9e-20  4.12e-21  8.42e-22  1.63e-22  2.96e-23  5.06e-24  8.11e-25  1.22e-25   1.7e-26     0.702
     0.819       0.7         0
  3.14e-18  1.29e-18   5.1e-19  1.96e-19  7.28e-20  2.61e-20  9.03e-21  3.01e-21  9.65e-22  2.97e-22  8.77e-23  2.48e-23   6.7e-24  1.73e-24  4.25e-25  9.94e-26  2.21e-26  4.64e-27  9.22e-28  1.84e-05
  1.72e-17  7.05e-18   2.8e-18  1.08e-18  4.01e-19  1.44e-19  4.99e-20  1.67e-20  5.35e-21  1.65e-21  4.88e-22  1.38e-22  3.74e-23  9.67e-24  2.38e-24  5.57e-25  1.24e-25  2.61e-26  5.19e-27  8.22e-05
  8.44e-17  3.47e-17  1.38e-17  5.32e-18  1.98e-18  7.13e-19  2.47e-19  8.27e-20  2.66e-20  8.21e-21  2.43e-21   6.9e-22  1.87e-22  4.84e-23  1.19e-23   2.8e-24  6.23e-25  1.31e-25  2.62e-26   0.00033
  3.71e-16  1.53e-16  6.08e-17  2.35e-17  8.76e-18  3.16e-18   1.1e-18  3.67e-19  1.18e-19  3.66e-20  1.09e-20  3.08e-21  8.37e-22  2.17e-22  5.36e-23  1.26e-23   2.8e-24  5.92e-25  1.18e-25   0.00119
  1.46e-15  6.02e-16   2.4e-16  9.28e-17  3.47e-17  1.25e-17  4.36e-18  1.46e-18  4.71e-19  1.46e-19  4.34e-20  1.23e-20  3.36e-21  8.71e-22  2.15e-22  5.07e-23  1.13e-23  2.39e-24  4.79e-25   0.00382
  5.15e-15  2.13e-15   8.5e-16  3.29e-16  1.23e-16  4.45e-17  1.55e-17  5.21e-18  1.68e-18  5.22e-19  1.55e-19  4.43e-20  1.21e-20  3.13e-21  7.76e-22  1.83e-22  4.09e-23  8.66e-24  1.74e-24     0.011
  1.63e-14  6.73e-15  2.69e-15  1.04e-15  3.91e-16  1.42e-16  4.95e-17  1.66e-17  5.38e-18  1.67e-18  4.98e-19  1.42e-19  3.88e-20  1.01e-20  2.51e-21  5.91e-22  1.32e-22  2.81e-23  5.63e-24    0.0284
  4.61e-14  1.91e-14  7.64e-15  2.97e-15  1.11e-15  4.04e-16  1.41e-16  4.76e-17  1.54e-17   4.8e-18  1.43e-18  4.09e-19  1.12e-19  2.92e-20  7.24e-21  1.71e-21  3.84e-22  8.16e-23  1.64e-23    0.0657
  1.17e-13  4.84e-14  1.94e-14  7.56e-15  2.84e-15  1.03e-15  3.61e-16  1.22e-16  3.96e-17  1.23e-17  3.69e-18  1.06e-18  2.89e-19  7.54e-20  1.88e-20  4.44e-21  9.97e-22  2.12e-22  4.27e-23     0.136
  2.65e-13   1.1e-13  4.43e-14  1.72e-14  6.49e-15  2.36e-15  8.28e-16   2.8e-16   9.1e-17  2.84e-17   8.5e-18  2.44e-18  6.68e-19  1.75e-19  4.35e-20  1.03e-20  2.32e-21  4.94e-22  9.97e-23     0.252
  5.39e-13  2.24e-13  9.03e-14  3.52e-14  1.33e-14  4.84e-15   1.7e-15  5.75e-16  1.87e-16  5.85e-17  1.76e-17  5.04e-18  1.38e-18  3.62e-19  9.04e-20  2.15e-20  4.84e-21  1.03e-21  2.08e-22     0.419
  9.83e-13  4.09e-13  1.65e-13  6.45e-14  2.44e-14  8.89e-15  3.13e-15  1.06e-15  3.45e-16  1.08e-16  3.25e-17  9.34e-18  2.57e-18  6.73e-19  1.68e-19     4e-20  9.03e-21  1.93e-21   3.9e-22     0.624
     0.902       0.7         0
  1.03e-17  4.45e-18  1.87e-18  7.58e-19  2.99e-19  1.14e-19   4.2e-20  1.49e-20  5.13e-21  1.69e-21  5.38e-22  1.64e-22   4.8e-23  1.34e-23   3.6e-24  9.18e-25  2.23e-25  5.16e-26  1.13e-26  1.49e-05
  5.85e-17  2.53e-17  1.06e-17  4.32e-18  1.71e-18  6.51e-19   2.4e-19  8.57e-20  2.95e-20  9.75e-21   3.1e-21  9.48e-22  2.78e-22  7.78e-23  2.09e-23  5.33e-24   1.3e-24     3e-25   6.6e-26  6.88e-05
  2.97e-16  1.28e-16   5.4e-17   2.2e-17   8.7e-18  3.33e-18  1.23e-18  4.39e-19  1.51e-19  5.01e-20   1.6e-20  4.89e-21  1.43e-21  4.03e-22  1.08e-22  2.77e-23  6.75e-24  1.57e-24  3.44e-25  0.000284
  1.35e-15  5.83e-16  2.46e-16     1e-16  3.97e-17  1.52e-17  5.63e-18  2.01e-18  6.95e-19  2.31e-19  7.36e-20  2.26e-20  6.63e-21  1.86e-21  5.01e-22  1.29e-22  3.14e-23  7.29e-24  1.61e-24   0.00105
  5.45e-15  2.37e-15  9.99e-16  4.09e-16  1.62e-16  6.22e-17  2.31e-17  8.26e-18  2.85e-18  9.48e-19  3.03e-19   9.3e-20  2.74e-20  7.71e-21  2.08e-21  5.33e-22   1.3e-22  3.03e-23  6.69e-24   0.00345
  1.98e-14   8.6e-15  3.63e-15  1.49e-15  5.91e-16  2.27e-16  8.43e-17  3.02e-17  1.05e-17  3.48e-18  1.12e-18  3.43e-19  1.01e-19  2.85e-20  7.69e-21  1.98e-21  4.85e-22  1.13e-22  2.49e-23    0.0102
   6.4e-14  2.79e-14  1.18e-14  4.84e-15  1.93e-15  7.41e-16  2.76e-16   9.9e-17  3.43e-17  1.14e-17  3.67e-18  1.13e-18  3.34e-19  9.43e-20  2.55e-20  6.56e-21  1.61e-21  3.75e-22  8.31e-23    0.0267
  1.85e-13  8.09e-14  3.43e-14  1.41e-14  5.61e-15  2.16e-15  8.06e-16   2.9e-16  1.01e-16  3.36e-17  1.08e-17  3.33e-18  9.84e-19  2.79e-19  7.54e-20  1.94e-20  4.78e-21  1.12e-21  2.48e-22    0.0629
   4.8e-13   2.1e-13   8.9e-14  3.66e-14  1.46e-14  5.64e-15  2.11e-15  7.59e-16  2.64e-16  8.82e-17  2.84e-17  8.77e-18   2.6e-18  7.36e-19  1.99e-19  5.15e-20  1.27e-20  2.97e-21  6.59e-22     0.132
  1.11e-12  4.86e-13  2.07e-13  8.52e-14   3.4e-14  1.32e-14  4.92e-15  1.78e-15  6.18e-16  2.07e-16  6.67e-17  2.06e-17  6.12e-18  1.74e-18  4.72e-19  1.22e-19  3.01e-20  7.05e-21  1.57e-21     0.249
   2.3e-12  1.01e-12  4.29e-13  1.77e-13  7.08e-14  2.74e-14  1.03e-14  3.71e-15  1.29e-15  4.34e-16   1.4e-16  4.34e-17  1.29e-17  3.67e-18  9.97e-19  2.59e-19  6.38e-20   1.5e-20  3.34e-21     0.418
  4.25e-12  1.86e-12  7.95e-13  3.29e-13  1.32e-13  5.11e-14  1.92e-14  6.94e-15  2.42e-15  8.15e-16  2.63e-16  8.17e-17  2.43e-17  6.92e-18  1.88e-18  4.89e-19  1.21e-19  2.85e-20  6.35e-21     0.629
     0.096       0.7         0
  7.27e-30  1.37e-30  2.43e-31  4.06e-32  6.38e-33  9.41e-34   1.3e-34  1.67e-35  2.01e-36  2.24e-37  2.31e-38   2.2e-39  1.93e-40  1.56e-41  1.15e-42  7.71e-44  4.71e-45  2.61e-46   1.3e-47   0.00015
  3.56e-29  6.72e-30   1.2e-30  2.01e-31  3.18e-32  4.72e-33  6.54e-34  8.47e-35  1.02e-35  1.14e-36  1.19e-37  1.13e-38     1e-39   8.1e-41     6e-42  4.05e-43  2.49e-44  1.38e-45  6.94e-47  0.000392
  1.66e-28  3.15e-29  5.64e-30  9.52e-31  1.51e-31  2.25e-32  3.13e-33  4.08e-34  4.94e-35  5.56e-36  5.79e-37  5.57e-38  4.94e-39  4.01e-40  2.99e-41  2.03e-42  1.25e-43  6.98e-45  3.52e-46  0.000976
  7.35e-28   1.4e-28  2.52e-29  4.28e-30  6.83e-31  1.02e-31  1.43e-32  1.87e-33  2.28e-34  2.57e-35  2.69e-36   2.6e-37  2.32e-38  1.89e-39  1.42e-40  9.65e-42  5.98e-43  3.36e-44   1.7e-45   0.00231
   3.1e-27  5.95e-28  1.08e-28  1.83e-29  2.94e-30  4.42e-31  6.22e-32  8.16e-33  9.98e-34  1.13e-34  1.19e-35  1.16e-36  1.04e-37   8.5e-39  6.39e-40  4.38e-41  2.73e-42  1.54e-43  7.82e-45   0.00521
  1.25e-26   2.4e-27  4.37e-28  7.48e-29   1.2e-29  1.82e-30  2.57e-31  3.39e-32  4.17e-33  4.76e-34  5.03e-35   4.9e-36  4.41e-37  3.64e-38  2.74e-39  1.89e-40  1.18e-41   6.7e-43  3.42e-44    0.0112
  4.78e-26  9.24e-27  1.69e-27   2.9e-28   4.7e-29  7.13e-30  1.01e-30  1.34e-31  1.66e-32   1.9e-33  2.02e-34  1.98e-35  1.79e-36  1.48e-37  1.12e-38  7.76e-40  4.88e-41  2.78e-42  1.43e-43    0.0228
  1.74e-25  3.38e-26   6.2e-27  1.07e-27  1.74e-28  2.66e-29  3.79e-30  5.05e-31  6.27e-32  7.22e-33  7.71e-34  7.59e-35  6.89e-36  5.73e-37  4.37e-38  3.04e-39  1.92e-40   1.1e-41  5.66e-43    0.0444
  6.04e-25  1.18e-25  2.17e-26  3.77e-27  6.16e-28  9.44e-29  1.35e-29  1.81e-30  2.26e-31  2.61e-32   2.8e-33  2.77e-34  2.53e-35  2.12e-36  1.62e-37  1.13e-38  7.18e-40  4.13e-41  2.14e-42    0.0821
  1.99e-24  3.91e-25  7.24e-26  1.26e-26  2.07e-27  3.19e-28   4.6e-29  6.19e-30  7.75e-31  9.01e-32   9.7e-33  9.65e-34  8.84e-35  7.43e-36  5.72e-37  4.01e-38  2.56e-39  1.48e-40   7.7e-42     0.145
  6.27e-24  1.24e-24   2.3e-25  4.03e-26  6.65e-27  1.03e-27  1.49e-28  2.01e-29  2.53e-30  2.96e-31   3.2e-32   3.2e-33  2.94e-34  2.48e-35  1.92e-36  1.35e-37  8.67e-39  5.03e-40  2.63e-41     0.242
  1.88e-23  3.71e-24  6.95e-25  1.22e-25  2.03e-26  3.15e-27  4.58e-28  6.22e-29  7.86e-30  9.23e-31     1e-31  1.01e-32  9.32e-34  7.91e-35  6.14e-36  4.35e-37   2.8e-38  1.63e-39  8.59e-41     0.386
